196487536
13771232
285061726719
16687440
142165716
26957840
28823232
1144
62883
1059480
1261267830
86389
4878
18690
5915
135841
27284400
35208403
394951008
1054
6955
23525427
371202
79924530600
9374688
52361
227813670
696655728
566798
9036
390605033088
52890888
1967901210
17012916
2137772
331472
1881604
144
9326740896
4950
975572
1072
806520420
13271453
16344
1300828969440
22081929
1052
1976833
556417
378294
233200
2380188
1737932850
6164782
333833
241452
3181196
2535773
4979629
4534995
21330585
27572
162802
2591250
103680
1338
984
164295907
26514010
26504
2421648
694251264
471674880
36516
17765280
178596
48981
26418001
3196368
528
21187
3741976
27156
111361746
259399
60716309
19292
1254768
679
5640
11426236
215028
41684727
5390
278181
169370
18174249
384050
1062936
2752226
96934
9952
261
386673
229436040
42395961600
696306
70087248
4016124
145902
45108
899
31928
11191
21920
302470
163371
27361
919869
1092293
523865980
3856592
53522162
293565384
393
7569765
871
633766
20081760
42924
363636
3474498
88151
620768
5013993600
3458322
184572
68138
12177270
8730
79977
23976
1562652
215760160
3706
349776320
33394
4841
294
90993
15747976878
25187
525323799000
3651964218
674793
2930952
6696
24420480
6740
1665900
9375080
7998
2285310720
30043
870282
53601574
1138443520
328890
193354
2605588
397
774
1809253
87696
2728
494893
88407660
2718806
150759
12606502
4191453
1173314
3416
40600
23376672
43366
2639589
6201826
56839409
51620
8818159350
1863
575567
911754816
161458902
571279
2311
154003
107670909
24835688192
29652606
19614632947
143092
51110
22048
399456
1845180
483897
532321464576
1041
6859
1652
3479112
44630
5848578
1244
5715
2795523
91773162834
519060
200494
664
858023